0.10000E-03    0.34668E+03
0.10202E-03    0.35340E+03
0.10408E-03    0.36024E+03
0.10618E-03    0.36722E+03
0.10833E-03    0.37434E+03
0.11052E-03    0.38159E+03
0.11275E-03    0.38898E+03
0.11503E-03    0.39651E+03
0.11735E-03    0.40420E+03
0.11972E-03    0.41202E+03
0.12214E-03    0.42001E+03
0.12461E-03    0.42814E+03
0.12712E-03    0.43643E+03
0.12969E-03    0.44489E+03
0.13231E-03    0.45350E+03
0.13499E-03    0.46228E+03
0.13771E-03    0.47124E+03
0.14049E-03    0.48036E+03
0.14333E-03    0.48966E+03
0.14623E-03    0.49915E+03
0.14918E-03    0.50881E+03
0.15220E-03    0.51866E+03
0.15527E-03    0.52870E+03
0.15841E-03    0.53894E+03
0.16161E-03    0.54937E+03
0.16487E-03    0.56000E+03
0.16820E-03    0.57084E+03
0.17160E-03    0.58189E+03
0.17507E-03    0.59315E+03
0.17860E-03    0.60463E+03
0.18221E-03    0.61633E+03
0.18589E-03    0.62826E+03
0.18965E-03    0.64041E+03
0.19348E-03    0.65280E+03
0.19739E-03    0.66543E+03
0.20138E-03    0.67830E+03
0.20544E-03    0.69142E+03
0.20959E-03    0.70480E+03
0.21383E-03    0.71842E+03
0.21815E-03    0.73232E+03
0.22255E-03    0.74647E+03
0.22705E-03    0.76091E+03
0.23164E-03    0.77561E+03
0.23632E-03    0.79060E+03
0.24109E-03    0.80588E+03
0.24596E-03    0.82146E+03
0.25093E-03    0.83733E+03
0.25600E-03    0.85350E+03
0.26117E-03    0.86999E+03
0.26645E-03    0.88679E+03
0.27183E-03    0.90391E+03
0.27732E-03    0.92136E+03
0.28292E-03    0.93915E+03
0.28864E-03    0.95728E+03
0.29447E-03    0.97575E+03
0.30042E-03    0.99457E+03
0.30649E-03    0.10138E+04
0.31268E-03    0.10333E+04
0.31899E-03    0.10532E+04
0.32544E-03    0.10735E+04
0.33201E-03    0.10942E+04
0.33872E-03    0.11153E+04
0.34556E-03    0.11368E+04
0.35254E-03    0.11587E+04
0.35966E-03    0.11810E+04
0.36693E-03    0.12037E+04
0.37434E-03    0.12269E+04
0.38190E-03    0.12505E+04
0.38962E-03    0.12746E+04
0.39749E-03    0.12991E+04
0.40552E-03    0.13241E+04
0.41371E-03    0.13495E+04
0.42207E-03    0.13754E+04
0.43060E-03    0.14018E+04
0.43929E-03    0.14288E+04
0.44817E-03    0.14562E+04
0.45722E-03    0.14841E+04
0.46646E-03    0.15126E+04
0.47588E-03    0.15416E+04
0.48550E-03    0.15711E+04
0.49530E-03    0.16012E+04
0.50531E-03    0.16318E+04
0.51552E-03    0.16630E+04
0.52593E-03    0.16949E+04
0.53656E-03    0.17273E+04
0.54739E-03    0.17602E+04
0.55845E-03    0.17939E+04
0.56973E-03    0.18281E+04
0.58124E-03    0.18630E+04
0.59299E-03    0.18985E+04
0.60496E-03    0.19346E+04
0.61719E-03    0.19715E+04
0.62965E-03    0.20090E+04
0.64237E-03    0.20472E+04
0.65535E-03    0.20861E+04
0.66859E-03    0.21257E+04
0.68210E-03    0.21660E+04
0.69588E-03    0.22071E+04
0.70993E-03    0.22489E+04
0.72427E-03    0.22915E+04
0.73891E-03    0.23349E+04
0.75383E-03    0.23790E+04
0.76906E-03    0.24239E+04
0.78460E-03    0.24696E+04
0.80045E-03    0.25162E+04
0.81662E-03    0.25636E+04
0.83311E-03    0.26118E+04
0.84994E-03    0.26609E+04
0.86711E-03    0.27109E+04
0.88463E-03    0.27617E+04
0.90250E-03    0.28135E+04
0.92073E-03    0.28661E+04
0.93933E-03    0.29197E+04
0.95831E-03    0.29742E+04
0.97767E-03    0.30297E+04
0.99742E-03    0.30861E+04
0.10176E-02    0.31436E+04
0.10381E-02    0.32020E+04
0.10591E-02    0.32614E+04
0.10805E-02    0.33218E+04
0.11023E-02    0.33833E+04
0.11246E-02    0.34458E+04
0.11473E-02    0.35094E+04
0.11705E-02    0.35740E+04
0.11941E-02    0.36398E+04
0.12182E-02    0.37066E+04
0.12429E-02    0.37746E+04
0.12680E-02    0.38436E+04
0.12936E-02    0.39138E+04
0.13197E-02    0.39852E+04
0.13464E-02    0.40578E+04
0.13736E-02    0.41315E+04
0.14013E-02    0.42064E+04
0.14296E-02    0.42825E+04
0.14585E-02    0.43598E+04
0.14880E-02    0.44384E+04
0.15180E-02    0.45182E+04
0.15487E-02    0.45993E+04
0.15800E-02    0.46816E+04
0.16119E-02    0.47652E+04
0.16445E-02    0.48501E+04
0.16777E-02    0.49363E+04
0.17116E-02    0.50238E+04
0.17462E-02    0.51126E+04
0.17814E-02    0.52027E+04
0.18174E-02    0.52942E+04
0.18541E-02    0.53870E+04
0.18916E-02    0.54812E+04
0.19298E-02    0.55767E+04
0.19688E-02    0.56736E+04
0.20086E-02    0.57719E+04
0.20491E-02    0.58715E+04
0.20905E-02    0.59725E+04
0.21328E-02    0.60750E+04
0.21758E-02    0.61788E+04
0.22198E-02    0.62840E+04
0.22646E-02    0.63907E+04
0.23104E-02    0.64987E+04
0.23571E-02    0.66081E+04
0.24047E-02    0.67190E+04
0.24533E-02    0.68312E+04
0.25028E-02    0.69448E+04
0.25534E-02    0.70599E+04
0.26050E-02    0.71764E+04
0.26576E-02    0.72942E+04
0.27113E-02    0.74134E+04
0.27660E-02    0.75341E+04
0.28219E-02    0.76560E+04
0.28789E-02    0.77794E+04
0.29371E-02    0.79041E+04
0.29964E-02    0.80302E+04
0.30569E-02    0.81576E+04
0.31187E-02    0.82864E+04
0.31817E-02    0.84164E+04
0.32460E-02    0.85478E+04
0.33115E-02    0.86804E+04
0.33784E-02    0.88143E+04
0.34467E-02    0.89494E+04
0.35163E-02    0.90857E+04
0.35874E-02    0.92233E+04
0.36598E-02    0.93620E+04
0.37338E-02    0.95018E+04
0.38092E-02    0.96428E+04
0.38861E-02    0.97848E+04
0.39646E-02    0.99279E+04
0.40447E-02    0.10072E+05
0.41264E-02    0.10217E+05
0.42098E-02    0.10363E+05
0.42948E-02    0.10510E+05
0.43816E-02    0.10658E+05
0.44701E-02    0.10806E+05
0.45604E-02    0.10956E+05
0.46525E-02    0.11106E+05
0.47465E-02    0.11257E+05
0.48424E-02    0.11408E+05
0.49402E-02    0.11560E+05
0.50400E-02    0.11712E+05
0.51419E-02    0.11865E+05
0.52457E-02    0.12019E+05
0.53517E-02    0.12172E+05
0.54598E-02    0.12326E+05
0.55701E-02    0.12480E+05
0.56826E-02    0.12634E+05
0.57974E-02    0.12788E+05
0.59145E-02    0.12942E+05
0.60340E-02    0.13096E+05
0.61559E-02    0.13250E+05
0.62803E-02    0.13403E+05
0.64072E-02    0.13556E+05
0.65366E-02    0.13708E+05
0.66686E-02    0.13860E+05
0.68033E-02    0.14010E+05
0.69408E-02    0.14160E+05
0.70810E-02    0.14309E+05
0.72240E-02    0.14457E+05
0.73700E-02    0.14604E+05
0.75189E-02    0.14749E+05
0.76708E-02    0.14894E+05
0.78257E-02    0.15036E+05
0.79838E-02    0.15178E+05
0.81451E-02    0.15317E+05
0.83096E-02    0.15454E+05
0.84775E-02    0.15590E+05
0.86488E-02    0.15723E+05
0.88235E-02    0.15854E+05
0.90017E-02    0.15982E+05
0.91836E-02    0.16107E+05
0.93691E-02    0.16229E+05
0.95583E-02    0.16349E+05
0.97514E-02    0.16465E+05
0.99484E-02    0.16577E+05
0.10149E-01    0.16686E+05
0.10354E-01    0.16791E+05
0.10564E-01    0.16892E+05
0.10777E-01    0.16989E+05
0.10995E-01    0.17082E+05
0.11217E-01    0.17171E+05
0.11443E-01    0.17255E+05
0.11675E-01    0.17335E+05
0.11910E-01    0.17409E+05
0.12151E-01    0.17479E+05
0.12397E-01    0.17543E+05
0.12647E-01    0.17603E+05
0.12902E-01    0.17656E+05
0.13163E-01    0.17705E+05
0.13429E-01    0.17747E+05
0.13700E-01    0.17783E+05
0.13977E-01    0.17813E+05
0.14259E-01    0.17837E+05
0.14547E-01    0.17855E+05
0.14841E-01    0.17865E+05
0.15141E-01    0.17869E+05
0.15447E-01    0.17866E+05
0.15759E-01    0.17855E+05
0.16077E-01    0.17837E+05
0.16402E-01    0.17811E+05
0.16734E-01    0.17777E+05
0.17072E-01    0.17735E+05
0.17416E-01    0.17685E+05
0.17768E-01    0.17627E+05
0.18127E-01    0.17559E+05
0.18493E-01    0.17483E+05
0.18867E-01    0.17398E+05
0.19248E-01    0.17303E+05
0.19637E-01    0.17200E+05
0.20034E-01    0.17086E+05
0.20438E-01    0.16963E+05
0.20851E-01    0.16830E+05
0.21272E-01    0.16688E+05
0.21702E-01    0.16537E+05
0.22141E-01    0.16378E+05
0.22588E-01    0.16211E+05
0.23044E-01    0.16037E+05
0.23510E-01    0.15855E+05
0.23985E-01    0.15668E+05
0.24469E-01    0.15474E+05
0.24964E-01    0.15275E+05
0.25468E-01    0.15071E+05
0.25982E-01    0.14861E+05
0.26507E-01    0.14647E+05
0.27043E-01    0.14427E+05
0.27589E-01    0.14202E+05
0.28146E-01    0.13972E+05
0.28715E-01    0.13738E+05
0.29295E-01    0.13499E+05
0.29887E-01    0.13256E+05
0.30490E-01    0.13011E+05
0.31106E-01    0.12763E+05
0.31735E-01    0.12515E+05
0.32376E-01    0.12268E+05
0.33030E-01    0.12021E+05
0.33697E-01    0.11775E+05
0.34378E-01    0.11532E+05
0.35072E-01    0.11292E+05
0.35781E-01    0.11055E+05
0.36504E-01    0.10822E+05
0.37241E-01    0.10593E+05
0.37993E-01    0.10370E+05
0.38761E-01    0.10151E+05
0.39544E-01    0.99383E+04
0.40343E-01    0.97315E+04
0.41158E-01    0.95309E+04
0.41989E-01    0.93369E+04
0.42838E-01    0.91502E+04
0.43703E-01    0.89716E+04
0.44586E-01    0.88014E+04
0.45486E-01    0.86404E+04
0.46405E-01    0.84885E+04
0.47343E-01    0.83449E+04
0.48299E-01    0.82087E+04
0.49275E-01    0.80793E+04
0.50270E-01    0.79559E+04
0.51286E-01    0.78380E+04
0.52322E-01    0.77250E+04
0.53379E-01    0.76162E+04
0.54457E-01    0.75111E+04
0.55557E-01    0.74090E+04
0.56680E-01    0.73090E+04
0.57825E-01    0.72103E+04
0.58993E-01    0.71122E+04
0.60184E-01    0.70133E+04
0.61400E-01    0.69125E+04
0.62641E-01    0.68086E+04
0.63906E-01    0.67001E+04
0.65197E-01    0.65852E+04
0.66514E-01    0.64628E+04
0.67858E-01    0.63331E+04
0.69229E-01    0.61976E+04
0.70627E-01    0.60576E+04
0.72054E-01    0.59120E+04
0.73510E-01    0.57584E+04
0.74994E-01    0.55949E+04
0.76509E-01    0.54233E+04
0.78055E-01    0.52465E+04
0.79632E-01    0.50671E+04
0.81241E-01    0.48865E+04
0.82882E-01    0.47057E+04
0.84556E-01    0.45261E+04
0.86264E-01    0.43494E+04
0.88007E-01    0.41773E+04
0.89785E-01    0.40117E+04
0.91598E-01    0.38546E+04
0.93449E-01    0.37073E+04
0.95337E-01    0.35714E+04
0.97263E-01    0.34479E+04
0.99227E-01    0.33379E+04
0.10123E+00    0.32414E+04
0.10328E+00    0.31571E+04
0.10536E+00    0.30842E+04
0.10749E+00    0.30209E+04
0.10966E+00    0.29647E+04
0.11188E+00    0.29134E+04
0.11414E+00    0.28646E+04
0.11644E+00    0.28163E+04
0.11880E+00    0.27663E+04
0.12120E+00    0.27128E+04
0.12365E+00    0.26539E+04
0.12614E+00    0.25882E+04
0.12869E+00    0.25149E+04
0.13129E+00    0.24334E+04
0.13394E+00    0.23445E+04
0.13665E+00    0.22496E+04
0.13941E+00    0.21511E+04
0.14223E+00    0.20519E+04
0.14510E+00    0.19549E+04
0.14803E+00    0.18628E+04
0.15102E+00    0.17777E+04
0.15407E+00    0.17011E+04
0.15718E+00    0.16339E+04
0.16036E+00    0.15764E+04
0.16360E+00    0.15281E+04
0.16690E+00    0.14879E+04
0.17028E+00    0.14539E+04
0.17371E+00    0.14237E+04
0.17722E+00    0.13944E+04
0.18080E+00    0.13632E+04
0.18446E+00    0.13281E+04
0.18818E+00    0.12875E+04
0.19198E+00    0.12414E+04
0.19586E+00    0.11907E+04
0.19982E+00    0.11372E+04
0.20386E+00    0.10831E+04
0.20797E+00    0.10309E+04
0.21218E+00    0.98244E+03
0.21646E+00    0.93941E+03
0.22083E+00    0.90258E+03
0.22530E+00    0.87183E+03
0.22985E+00    0.84589E+03
0.23449E+00    0.82280E+03
0.23923E+00    0.80051E+03
0.24406E+00    0.77730E+03
0.24899E+00    0.75194E+03
0.25402E+00    0.72381E+03
0.25915E+00    0.69326E+03
0.26439E+00    0.66166E+03
0.26973E+00    0.63087E+03
0.27518E+00    0.60241E+03
0.28074E+00    0.57708E+03
0.28641E+00    0.55507E+03
0.29219E+00    0.53586E+03
0.29810E+00    0.51835E+03
0.30412E+00    0.50123E+03
0.31026E+00    0.48346E+03
0.31653E+00    0.46462E+03
0.32292E+00    0.44499E+03
0.32945E+00    0.42532E+03
0.33610E+00    0.40647E+03
0.34289E+00    0.38923E+03
0.34982E+00    0.37382E+03
0.35689E+00    0.35980E+03
0.36409E+00    0.34652E+03
0.37145E+00    0.33342E+03
0.37895E+00    0.32010E+03
0.38661E+00    0.30659E+03
0.39442E+00    0.29334E+03
0.40239E+00    0.28072E+03
0.41052E+00    0.26880E+03
0.41881E+00    0.25753E+03
0.42727E+00    0.24683E+03
0.43590E+00    0.23666E+03
0.44471E+00    0.22695E+03
0.45369E+00    0.21767E+03
0.46286E+00    0.20877E+03
0.47221E+00    0.20022E+03
0.48174E+00    0.19199E+03
0.49148E+00    0.18404E+03
0.50141E+00    0.17636E+03
0.51153E+00    0.16894E+03
0.52187E+00    0.16179E+03
0.53241E+00    0.15491E+03
0.54317E+00    0.14829E+03
0.55414E+00    0.14192E+03
0.56533E+00    0.13581E+03
0.57675E+00    0.12995E+03
0.58840E+00    0.12432E+03
0.60029E+00    0.11894E+03
0.61242E+00    0.11378E+03
0.62479E+00    0.10884E+03
0.63741E+00    0.10411E+03
0.65029E+00    0.99577E+02
0.66342E+00    0.95235E+02
0.67683E+00    0.91075E+02
0.69050E+00    0.87090E+02
0.70445E+00    0.83271E+02
0.71868E+00    0.79611E+02
0.73320E+00    0.76103E+02
0.74801E+00    0.72742E+02
0.76312E+00    0.69522E+02
0.77854E+00    0.66437E+02
0.79426E+00    0.63482E+02
0.81031E+00    0.60652E+02
0.82668E+00    0.57943E+02
0.84338E+00    0.55350E+02
0.86041E+00    0.52868E+02
0.87780E+00    0.50493E+02
0.89553E+00    0.48221E+02
0.91362E+00    0.46047E+02
0.93208E+00    0.43967E+02
0.95091E+00    0.41979E+02
0.97011E+00    0.40076E+02
0.98971E+00    0.38257E+02
0.10097E+01    0.36518E+02
0.10301E+01    0.34854E+02
0.10509E+01    0.33264E+02
0.10721E+01    0.31744E+02
0.10938E+01    0.30291E+02
0.11159E+01    0.28902E+02
0.11384E+01    0.27575E+02
0.11614E+01    0.26306E+02
0.11849E+01    0.25094E+02
0.12088E+01    0.23936E+02
0.12333E+01    0.22830E+02
0.12582E+01    0.21773E+02
0.12836E+01    0.20763E+02
0.13095E+01    0.19799E+02
0.13360E+01    0.18878E+02
0.13630E+01    0.17999E+02
0.13905E+01    0.17159E+02
0.14186E+01    0.16357E+02
0.14472E+01    0.15592E+02
0.14765E+01    0.14862E+02
0.15063E+01    0.14165E+02
0.15367E+01    0.13499E+02
0.15678E+01    0.12864E+02
0.15994E+01    0.12258E+02
0.16318E+01    0.11680E+02
0.16647E+01    0.11129E+02
0.16984E+01    0.10603E+02
0.17327E+01    0.10101E+02
0.17677E+01    0.96220E+01
0.18034E+01    0.91652E+01
0.18398E+01    0.87295E+01
0.18770E+01    0.83140E+01
0.19149E+01    0.79176E+01
0.19536E+01    0.75396E+01
0.19930E+01    0.71791E+01
0.20333E+01    0.68354E+01
0.20744E+01    0.65077E+01
0.21163E+01    0.61953E+01
0.21590E+01    0.58976E+01
0.22026E+01    0.56140E+01
0.22471E+01    0.53439E+01
0.22925E+01    0.50866E+01
0.23388E+01    0.48416E+01
0.23861E+01    0.46084E+01
